-115.8879 33.1768 0.70 0.13 0.48 0.48 0.00 1110
-115.5188 33.2309 0.86 -1.68 0.33 0.33 0.00 1111
-115.5412 32.9417 0.22 3.22 0.33 0.33 0.00 1225
-115.5184 32.7965 2.49 5.10 0.33 0.33 0.00 1362
-115.7616 33.0838 2.10 -0.54 0.52 0.52 0.00 8637
-115.9217 33.2241 -1.50 1.83 1.16 1.16 0.00 8651
-116.0080 33.3383 -0.68 0.45 0.96 0.96 0.00 8660
-115.7521 33.4124 -2.29 3.40 1.51 1.51 0.00 07NE
-115.7832 33.4405 -2.11 2.51 0.85 0.85 0.00 25SE
-115.4078 32.9739 4.47 -1.07 1.41 1.41 0.00 54JD
-115.4658 32.8691 1.63 -2.32 1.12 1.12 0.00 A31
-115.5011 32.8688 1.54 2.51 0.21 0.21 0.00 A35
-115.3786 32.6939 5.20 2.35 1.18 1.18 0.00 A50R
-115.6130 33.0303 1.73 3.03 0.95 0.95 0.00 ACU2
-115.4658 32.8619 1.94 0.48 0.23 0.23 0.00 B31
-115.7875 33.3804 2.06 -0.86 0.78 0.78 0.00 BERT
-116.1545 33.5457 0.68 5.12 1.49 1.49 0.00 C101
-115.5012 32.8547 1.88 2.15 0.40 0.40 0.00 C35
-116.1075 33.4737 -0.61 1.50 1.68 1.68 0.00 C427
-115.4070 33.1962 0.21 0.68 1.64 1.64 0.00 COAC
-115.8321 33.4284 -0.69 2.16 1.52 1.52 0.00 D11G
-115.4484 32.8472 1.39 0.79 0.18 0.18 0.00 D29
-115.4570 32.8474 1.56 0.04 0.21 0.21 0.00 D30
-115.4923 32.8474 1.57 1.69 0.15 0.15 0.00 D34
-115.4149 32.8401 3.11 1.35 0.38 0.38 0.00 E25
-115.4482 32.8329 2.03 1.59 0.20 0.20 0.00 F29
-115.6470 33.3603 0.62 0.54 0.96 0.96 0.00 FRIN
-115.7258 33.3622 0.07 -1.24 0.60 0.60 0.00 G001
-115.8876 33.4782 -1.33 1.91 0.60 0.60 0.00 G003
-115.9516 33.5447 0.58 -1.77 1.62 1.62 0.00 G004
-116.1628 33.2881 0.74 1.66 1.97 1.97 0.00 G085
-116.3858 33.3558 -4.06 17.30 2.19 2.19 0.00 G088
-116.2981 33.2872 -1.86 13.43 1.53 1.53 0.00 G089
-116.1385 33.1593 -1.99 11.71 0.74 0.74 0.00 G091
-116.0567 33.0945 1.04 -3.22 1.36 1.36 0.00 G092
-115.9727 33.0189 -1.76 2.50 1.10 1.10 0.00 G093
-115.7183 32.8926 -1.59 1.34 0.60 0.60 0.00 G096
-115.6539 32.8961 -1.08 2.78 0.60 0.60 0.00 G097
-115.7223 32.9470 -4.91 3.04 1.10 1.10 0.00 G098
-115.9150 33.0841 -1.41 2.15 1.19 1.19 0.00 G099
-115.4481 32.8182 1.93 1.92 0.34 0.34 0.00 H29
-115.6969 32.8504 4.54 2.97 1.18 1.18 0.00 HAYS
-115.3963 32.7814 3.01 2.29 0.13 0.13 0.00 HOLT
-115.2934 32.7810 2.22 6.78 0.99 0.99 0.00 I012
-115.3630 32.8114 3.63 4.30 0.95 0.95 0.00 I013
-115.4654 32.8041 4.11 3.14 0.73 0.73 0.00 I015
-115.5184 32.7984 1.09 11.52 2.05 2.05 0.00 I016
-115.6464 32.8000 1.23 2.13 1.14 1.14 0.00 I018
-115.7294 32.7890 5.16 0.48 2.10 2.10 0.00 I019
-115.5972 33.3076 -2.64 -3.78 2.20 2.20 0.00 I025
-115.5646 33.2677 1.41 -2.70 1.16 1.16 0.00 I026
-115.5091 33.1198 1.92 -3.49 1.18 1.18 0.00 I029
-115.5285 32.9824 2.55 -1.91 1.18 1.18 0.00 I032
-115.2980 32.9673 1.48 2.16 0.33 0.33 0.00 I046
-116.0550 33.5509 -1.87 2.82 0.89 0.89 0.00 JOHN
-115.4133 32.8057 1.59 2.69 0.27 0.27 0.00 K25
-115.4479 32.8036 1.89 2.47 0.23 0.23 0.00 K29
-115.4654 32.8039 4.43 1.13 0.33 0.33 0.00 K31
-115.4842 32.8039 -0.76 5.20 0.17 0.17 0.00 K33
-115.5013 32.8039 0.92 6.38 0.22 0.22 0.00 K35
-115.5787 32.9861 2.75 3.45 0.95 0.95 0.00 KALI
-115.4653 32.7960 -0.16 6.61 0.13 0.13 0.00 MEL0
-115.9002 33.1257 -11.79 10.21 0.78 0.78 0.00 MO97
-115.4814 32.9788 2.43 -1.16 1.64 1.64 0.00 MRM1
-115.4136 32.7808 3.67 2.14 0.29 0.29 0.00 N25
-115.4222 32.7811 3.37 1.47 0.29 0.29 0.00 N26
-115.4309 32.7811 3.21 1.43 0.29 0.29 0.00 N27
-115.4480 32.7814 4.00 0.50 0.34 0.34 0.00 N29
-115.4563 32.7815 -0.72 7.55 0.58 0.58 0.00 N30
-115.4654 32.7816 -0.22 5.93 0.24 0.24 0.00 N31
-115.4735 32.7816 0.84 4.67 0.39 0.39 0.00 N32
-115.5010 32.7816 1.26 3.46 0.23 0.23 0.00 N35
-115.3368 33.0083 2.41 0.03 1.87 1.87 0.00 OE_2
-115.4064 32.9168 2.55 1.54 0.95 0.95 0.00 ORIE
-116.1128 33.5254 -3.92 3.12 1.15 1.15 0.00 P572
-115.7185 33.3673 2.27 -0.11 1.78 1.78 0.00 POPE
-115.5860 32.6646 3.44 1.02 1.41 1.41 0.00 PV02
-115.4981 32.7308 8.82 -6.13 1.18 1.18 0.00 PV19
-115.5088 33.0823 2.83 -1.69 0.33 0.33 0.00 Q122
-115.5003 32.7668 2.06 1.56 0.43 0.43 0.00 Q35
-115.5006 32.7600 2.81 1.01 0.44 0.44 0.00 R35
-115.7696 33.4271 -2.37 3.26 0.59 0.59 0.00 S_31
-115.4143 32.7519 4.56 1.78 0.32 0.32 0.00 S25
-115.4220 32.7520 4.77 1.86 0.24 0.24 0.00 S26
-115.4306 32.7521 2.88 5.93 0.28 0.28 0.00 S27
-115.4395 32.7521 2.63 4.51 0.30 0.30 0.00 S28
-115.4481 32.7521 3.99 7.26 0.74 0.74 0.00 S29
-115.4564 32.7521 2.94 3.35 0.24 0.24 0.00 S30
-115.4652 32.7522 2.38 2.22 0.37 0.37 0.00 S31
-115.4782 32.7523 2.08 0.15 0.34 0.34 0.00 S32
-115.5004 32.7525 1.90 0.49 0.30 0.30 0.00 S35
-116.1637 33.6369 -1.95 -1.13 0.88 0.88 0.00 S753
-115.8367 33.1080 -2.39 0.57 0.95 0.95 0.00 STGE
-115.5002 32.7380 2.83 -3.17 0.13 0.13 0.00 T124
-115.4581 32.8034 2.40 -0.56 0.44 0.44 0.00 U123
-115.4760 33.2056 2.26 -0.27 1.41 1.41 0.00 VP02
-115.6487 33.1041 1.69 14.81 0.95 0.95 0.00 VP03
-115.5787 33.0518 3.17 0.39 0.73 0.73 0.00 VP04
-115.5800 33.1185 5.28 -2.31 0.95 0.95 0.00 VP05
-115.4326 33.1256 3.08 -0.01 1.64 1.64 0.00 VP06
-115.4326 33.0749 3.08 -3.56 0.95 0.95 0.00 VP08
-115.6906 33.0521 1.74 3.21 0.73 0.73 0.00 VP09
-115.6755 32.9848 0.21 3.27 0.73 0.73 0.00 VP10
-115.6213 32.9236 1.32 6.29 0.73 0.73 0.00 VP11
-115.6463 32.8690 2.72 2.16 0.95 0.95 0.00 VP12
-115.6422 32.7307 3.37 2.47 0.95 0.95 0.00 VP13
-115.7142 32.7403 5.15 -1.32 0.95 0.95 0.00 VP14
-115.4138 32.7593 9.19 2.39 1.18 1.18 0.00 VP15
-115.3368 32.7446 3.59 3.86 0.95 0.95 0.00 VP16
-115.3546 32.8619 2.89 1.11 1.18 1.18 0.00 VP17
-115.3202 32.9313 3.44 1.46 1.87 1.87 0.00 VP18
-115.3107 32.8327 4.97 3.82 0.52 0.52 0.00 VP20
-115.4148 33.0228 1.60 -0.38 1.18 1.18 0.00 VP22
-115.6735 32.6785 2.32 1.73 1.87 1.87 0.00 WORM
-116.6297 33.5401 1.07 0.12 0.10 0.09 0.00 AZRY
-114.7149 33.6104 1.16 0.64 0.07 0.06 0.00 BLYT
-116.9847 33.9627 3.93 0.54 0.16 0.09 0.00 BMRY
-115.7297 33.3646 2.66 0.28 0.57 0.82 0.00 BOMG
-115.9899 33.6551 -1.22 1.79 0.11 0.09 0.00 CACT
-116.3869 33.7325 0.99 2.15 0.13 0.11 0.00 COTD
-115.7350 33.0698 0.05 1.47 0.09 0.06 0.00 CRRS
-116.6418 32.8299 1.35 -0.83 0.17 0.16 0.00 DESC
-115.7880 33.3898 0.40 0.78 0.09 0.06 0.00 DHLG
-116.7121 33.7333 2.14 0.35 0.11 0.09 0.00 DSSC
-116.9939 33.6748 1.04 -0.05 0.29 0.26 0.00 ESE2
-115.5214 33.2748 0.84 0.66 0.11 0.09 0.00 GLRS
-114.8273 33.0511 0.99 0.72 0.10 0.09 0.00 GMPK
-115.6353 33.7050 -0.05 0.30 0.12 0.08 0.00 HNPS
-115.0318 32.7062 0.10 1.15 0.13 0.11 0.00 IID2
-115.5068 32.8294 -1.44 4.31 0.25 0.13 0.00 IVCO
-116.1734 33.9254 -1.21 1.97 0.10 0.09 0.00 KYVW
-116.4224 32.8919 0.92 -0.65 0.07 0.07 0.00 MONP
-116.5253 33.2109 1.13 -1.13 0.09 0.07 0.00 MVFD
-116.9727 32.5793 1.79 -1.24 0.10 0.08 0.00 NSSS
-114.0050 32.7225 1.55 2.97 0.15 0.15 0.00 P003
-116.1698 32.6165 1.07 -0.11 0.13 0.11 0.00 P066
-116.9495 32.7338 1.34 -1.37 0.13 0.11 0.00 P473
-116.7829 33.4933 1.55 -0.60 0.14 0.13 0.00 P479
-116.3485 32.9760 0.95 -0.33 0.11 0.10 0.00 P480
-116.0108 32.8222 0.36 -2.80 0.23 0.20 0.00 P481
-116.6714 33.2402 0.94 -0.80 0.14 0.12 0.00 P482
-116.5693 33.0592 0.82 -0.72 0.14 0.11 0.00 P483
-116.6208 33.3756 1.25 -1.37 0.14 0.13 0.00 P484
-116.4090 33.2102 0.35 -1.20 0.15 0.16 0.00 P485
-116.3223 33.2602 1.14 0.47 0.12 0.12 0.00 P486
-116.1831 33.2135 -1.56 -0.45 0.18 0.18 0.00 P487
-116.0788 33.2010 -1.99 -0.12 0.17 0.19 0.00 P488
-116.1116 33.2962 -0.37 -1.77 0.21 0.20 0.00 P489
-116.4259 33.5235 0.55 -0.24 0.25 0.20 0.00 P490
-116.2268 33.5747 0.89 -0.50 0.15 0.16 0.00 P491
-115.9695 32.8870 0.29 -0.69 0.19 0.21 0.00 P492
-115.8249 32.9547 -1.29 -0.32 0.18 0.23 0.00 P493
-115.7321 32.7597 0.34 0.73 0.40 0.29 0.00 P494
-115.6284 33.0450 -0.03 4.41 0.17 0.18 0.00 P495
-115.5960 32.7506 -4.26 6.24 0.28 0.40 0.00 P496
-115.5770 32.8347 0.57 3.18 0.17 0.24 0.00 P497
-115.5696 32.8984 -1.66 5.25 0.16 0.20 0.00 P498
-115.4879 32.9796 1.70 -0.57 0.20 0.27 0.00 P499
-115.2999 32.6900 3.54 3.52 0.19 0.22 0.00 P500
-115.3979 32.8758 3.08 1.67 0.14 0.19 0.00 P501
-115.4219 32.9825 2.04 0.51 0.14 0.20 0.00 P502
-115.7202 32.9489 -0.90 0.74 0.19 0.25 0.00 P503
-115.7658 33.5164 -0.92 0.54 0.14 0.14 0.00 P504
-115.6870 33.4239 1.74 -0.93 0.16 0.15 0.00 P505
-115.6124 33.2000 -1.00 -5.53 0.16 0.18 0.00 P507
-115.4287 33.2478 0.98 0.92 0.13 0.15 0.00 P508
-115.2939 32.8907 3.55 1.89 0.14 0.19 0.00 P509
-115.3433 33.1436 1.22 0.73 0.14 0.15 0.00 P510
-115.2961 33.8869 0.31 0.09 0.13 0.15 0.00 P511
-116.9516 33.8926 2.95 0.43 0.13 0.10 0.00 P584
-116.2119 33.8658 -1.43 2.01 0.14 0.15 0.00 P600
-116.0802 33.9593 -0.45 1.47 0.15 0.15 0.00 P601
-115.8207 33.7410 -0.38 0.71 0.16 0.16 0.00 P607
-115.6866 33.9941 0.35 -0.89 0.22 0.23 0.00 P608
-116.5960 33.5982 1.31 -1.15 0.25 0.20 0.00 P740
-116.5310 33.5575 1.20 -0.71 0.22 0.30 0.00 P741
-116.6026 33.4955 1.21 -0.94 0.18 0.18 0.00 P742
-115.5084 32.8294 -0.67 5.87 0.26 0.38 0.00 P744
-116.5925 33.5373 1.57 -3.76 0.43 0.56 0.00 P797
-116.4582 33.6122 1.74 -0.51 0.07 0.05 0.00 PIN1
-116.4576 33.6121 1.62 -0.03 0.08 0.07 0.00 PIN2
-116.8595 33.3572 1.22 0.27 0.10 0.09 0.00 PMOB
-116.5909 32.6184 1.40 0.03 0.18 0.14 0.00 POTR
-116.4940 33.8192 2.06 1.15 0.09 0.13 0.00 PSAP
-116.9172 33.0422 1.36 -1.22 0.15 0.12 0.00 RAAP
-116.6098 33.6110 1.76 -0.01 0.15 0.09 0.00 ROCH
-114.4956 32.6888 0.76 3.71 1.20 1.21 0.00 SA59
-114.4957 32.6889 2.10 3.10 0.38 0.42 0.00 SA63
-116.6957 33.9125 2.02 1.36 0.29 0.26 0.00 SGPS
-115.9778 33.2922 2.80 0.47 0.09 0.07 0.00 SLMS
-116.0773 33.6506 1.69 0.18 0.45 0.26 0.00 THMG
-116.1605 33.6412 -0.05 1.30 0.13 0.10 0.00 TMAP
-116.0853 33.0301 -0.02 -0.25 0.09 0.07 0.00 USGC
-116.3918 33.9348 -0.68 2.46 0.10 0.11 0.00 WIDC
-116.6539 33.9553 1.75 0.78 0.13 0.12 0.00 WWMT
